10 0.000005
11 0.000052
12 0.000270
13 0.000919
14 0.002455
15 0.005140
16 0.009001
17 0.013873
18 0.019268
19 0.024749
20 0.029985
21 0.034657
22 0.038581
23 0.041978
24 0.044421
25 0.046029
26 0.046957
27 0.047134
28 0.047439
29 0.046707
30 0.044716
31 0.043817
32 0.043078
33 0.041237
34 0.039047
35 0.036766
36 0.034587
37 0.032140
38 0.029969
39 0.027359
40 0.024556
41 0.022268
42 0.019361
43 0.016677
44 0.014424
45 0.011703
46 0.008915
47 0.006223
48 0.003539
49 0.000000