10.0 1.03261E+00
10.5 7.25697E-01
11.0 3.60250E+00
11.5 3.47511E+01
12.0 3.10489E+01
12.5 7.12270E+01
13.0 1.64755E+02
13.5 3.39900E+02
14.0 6.12087E+02
14.5 1.03443E+03
15.0 1.62840E+03
15.5 2.41775E+03
16.0 3.42141E+03
16.5 4.59823E+03
17.0 6.00213E+03
17.5 7.52135E+03
18.0 9.19726E+03
18.5 1.09780E+04
19.0 1.27941E+04
19.5 1.46615E+04
20.0 1.65011E+04
20.5 1.82538E+04
21.0 2.00621E+04
21.5 2.16749E+04
22.0 2.32724E+04
22.5 2.46970E+04
23.0 2.60571E+04
23.5 2.71826E+04
24.0 2.83441E+04
24.5 2.92264E+04
25.0 2.99637E+04
25.5 3.07107E+04
26.0 3.12987E+04
26.5 3.17189E+04
27.0 3.21317E+04
27.5 3.23749E+04
28.0 3.26141E+04
28.5 3.26725E+04
29.0 3.27255E+04
29.5 3.25966E+04
30.0 3.24626E+04
30.5 3.23231E+04
31.0 3.20048E+04
31.5 3.17528E+04
32.0 3.13888E+04
32.5 3.10090E+04
33.0 3.05767E+04
33.5 3.01054E+04
34.0 2.96024E+04
34.5 2.90859E+04
35.0 2.85162E+04
35.5 2.79459E+04
36.0 2.73471E+04
36.5 2.67159E+04
37.0 2.60849E+04
37.5 2.54284E+04
38.0 2.47724E+04
38.5 2.40924E+04
39.0 2.33991E+04
39.5 2.27069E+04
40.0 2.20023E+04
40.5 2.12857E+04
41.0 2.05624E+04
41.5 1.98287E+04
42.0 1.90970E+04
42.5 1.83669E+04
43.0 1.76205E+04
43.5 1.68865E+04
44.0 1.61343E+04
44.5 1.53910E+04
45.0 1.46378E+04
45.5 1.38928E+04
46.0 1.31420E+04
46.5 1.23864E+04
47.0 1.16434E+04
47.5 1.08937E+04
48.0 1.01431E+04
48.5 9.40177E+03
49.0 8.65784E+03
49.5 7.91256E+03
50.0 7.17559E+03
50.5 6.43871E+03
51.0 5.70601E+03
51.5 4.97741E+03
52.0 4.25085E+03
52.5 3.53126E+03
53.0 2.81449E+03
53.5 2.10291E+03
54.0 1.39664E+03
54.5 6.95374E+02
55.0 5.78772E+01
