0.5 0.00000E+00
1.0 0.00000E+00
1.5 0.00000E+00
2.0 0.00000E+00
2.5 0.00000E+00
3.0 0.00000E+00
3.5 0.00000E+00
4.0 0.00000E+00
4.5 0.00000E+00
5.0 9.63242E-75
5.5 3.22230E-56
6.0 1.30434E-42
6.5 5.38684E-33
7.0 9.92189E-26
7.5 3.42140E-20
8.0 6.54579E-16
8.5 1.54663E-11
9.0 6.91632E-10
9.5 5.26105E-07
10.0 2.55618E-05
10.5 7.40239E-05
11.0 1.18932E-03
11.5 3.03248E-02
12.0 6.34224E-02
12.5 2.89203E-01
13.0 1.22809E+00
13.5 4.28942E+00
14.0 1.18624E+01
14.5 2.94770E+01
15.0 6.49330E+01
15.5 1.29553E+02
16.0 2.38366E+02
16.5 4.01789E+02
17.0 6.45077E+02
17.5 9.66325E+02
18.0 1.38945E+03
18.5 1.91821E+03
19.0 2.54336E+03
19.5 3.27831E+03
20.0 4.09872E+03
20.5 4.97673E+03
21.0 5.97946E+03
21.5 6.97690E+03
22.0 8.05762E+03
22.5 9.12192E+03
23.0 1.02271E+04
23.5 1.12456E+04
24.0 1.23600E+04
24.5 1.33254E+04
25.0 1.42262E+04
25.5 1.51835E+04
26.0 1.60487E+04
26.5 1.67997E+04
27.0 1.75761E+04
27.5 1.82184E+04
28.0 1.88808E+04
28.5 1.93798E+04
29.0 1.98888E+04
29.5 2.02157E+04
30.0 2.05444E+04
30.5 2.08746E+04
31.0 2.10066E+04
31.5 2.12165E+04
32.0 2.12967E+04
32.5 2.13570E+04
33.0 2.13518E+04
33.5 2.12957E+04
34.0 2.11958E+04
34.5 2.10743E+04
35.0 2.08796E+04
35.5 2.06780E+04
36.0 2.04332E+04
36.5 2.01390E+04
37.0 1.98382E+04
37.5 1.94961E+04
38.0 1.91477E+04
38.5 1.87594E+04
39.0 1.83457E+04
39.5 1.79263E+04
40.0 1.74824E+04
40.5 1.70148E+04
41.0 1.65306E+04
41.5 1.60247E+04
42.0 1.55146E+04
42.5 1.50000E+04
43.0 1.44553E+04
43.5 1.39219E+04
44.0 1.33557E+04
44.5 1.27960E+04
45.0 1.22155E+04
45.5 1.16409E+04
46.0 1.10515E+04
46.5 1.04489E+04
47.0 9.85904E+03
47.5 9.25338E+03
48.0 8.64038E+03
48.5 8.03533E+03
49.0 7.42064E+03
49.5 6.79816E+03
50.0 6.18239E+03
50.5 5.56100E+03
51.0 4.94017E+03
51.5 4.31978E+03
52.0 3.69670E+03
52.5 3.07839E+03
53.0 2.45851E+03
53.5 1.84066E+03
54.0 1.22494E+03
54.5 6.10877E+02
55.0 5.09474E+01