10 2.17528E-22
11 8.14884E-18
12 1.18017E-14
13 4.01619E-12
14 3.10445E-10
15 1.10769E-8
16 1.7833E-7
17 1.78574E-6
18 1.08941E-5
19 4.29721E-5
20 0.00013648
21 0.000352846
22 0.000795833
23 0.00154393
24 0.00274503
25 0.0044029
26 0.00659502
27 0.00925285
28 0.0124491
29 0.0156588
30 0.0191672
31 0.0226594
32 0.026303
33 0.0295566
34 0.0326895
35 0.0355168
36 0.0380014
37 0.0400384
38 0.0417079
39 0.0430091
40 0.0438818
41 0.0446358
42 0.0448787
43 0.0438065
44 0.0424666
45 0.0419685
46 0.0411065
47 0.0389167
48 0.0364259
49 0.0349405
50 0.0331506
51 0.031304
52 0.0285168
53 0.0258341
54 0.0229194
55 0.0197738
56 0.0166468
57 0.0122853
58 0.00856324
59 0.00534053
60 0