10.0 6.20275E+02
10.5 2.26229E+02
11.0 5.25667E+02
11.5 2.39324E+03
12.0 1.45979E+03
12.5 2.17293E+03
13.0 3.36611E+03
13.5 4.89394E+03
14.0 6.61405E+03
14.5 8.62495E+03
15.0 1.08154E+04
15.5 1.31267E+04
16.0 1.55160E+04
16.5 1.78455E+04
17.0 2.01852E+04
17.5 2.23424E+04
18.0 2.44012E+04
18.5 2.63015E+04
19.0 2.79851E+04
19.5 2.95090E+04
20.0 3.08127E+04
20.5 3.18808E+04
21.0 3.28623E+04
21.5 3.35728E+04
22.0 3.41728E+04
22.5 3.45705E+04
23.0 3.48584E+04
23.5 3.49344E+04
24.0 3.49933E+04
24.5 3.48417E+04
25.0 3.45781E+04
25.5 3.42969E+04
26.0 3.39089E+04
26.5 3.34169E+04
27.0 3.29077E+04
27.5 3.23026E+04
28.0 3.16857E+04
28.5 3.09750E+04
29.0 3.02595E+04
29.5 2.94586E+04
30.0 2.86493E+04
30.5 2.78391E+04
31.0 2.69503E+04
31.5 2.60902E+04
32.0 2.51812E+04
32.5 2.42670E+04
33.0 2.33337E+04
33.5 2.23855E+04
34.0 2.14273E+04
34.5 2.04647E+04
35.0 1.94856E+04
35.5 1.85087E+04
36.0 1.75235E+04
36.5 1.65319E+04
37.0 1.55422E+04
37.5 1.45481E+04
38.0 1.35556E+04
38.5 1.25620E+04
39.0 1.15682E+04
39.5 1.05783E+04
40.0 9.59146E+03
40.5 8.60563E+03
41.0 7.62402E+03
41.5 6.64697E+03
42.0 5.67573E+03
42.5 4.71213E+03
43.0 3.75295E+03
43.5 2.80302E+03
44.0 1.85971E+03
44.5 9.25674E+02
45.0 7.69817E+01
